0 
0 
0 
0 
0 
0 
0 
0 
0 
0 
0 
0 
0 
0 
0 
0 
0 
0 
0 
0 
0 
0 
0 
0 
0 
0 
0 
0 
0 
0 
0 
0 
0 
0 
0 
0 
0 
0 
0 
0 
0 
0 
0 
0 
0 
0 
0 
0 
0 
0 
0 
0 
0 
0 
0 
0 
0 
0 
0 
0 
0 
0 
0 
2 
3 
0 
0 
0 
0 
0 
0 
0 
0 
0 
0 
0 
0 
0 
0 
0 
0 
0 
0 
0 
0 
0 
0 
0 
0 
0 
0 
0 
0 
0 
0 
0 
0 
0 
0 
0 
0 
0 
0 
0 
0 
0 
0 
0 
0 
0 
0 
0 
0 
0 
0 
0 
0 
0 
0 
0 
0 
0 
0 
0 
0 
0 
0 
24892 
-15065 
24635 
-2728 
17846 
-4026 
21009 
1675 
-14564 
-1514 
-21864 
-12889 
-30340 
2475 
-17674 
25262 
-20799 
-14452 
30780 
-18589 
-25783 
-18931 
-10780 
11244 
-27538 
-18531 
27925 
-23399 
-1200 
5486 
7979 
31191 
15836 
30150 
14332 
-30460 
17175 
-24006 
-30660 
6531 
-5921 
-32139 
-13392 
29459 
1315 
31669 
-7586 
27825 
2554 
15683 
1819 
-21376 
-555 
31623 
2959 
-1551 
1494 
25407 
-1920 
25582 
-13053 
18653 
-11533 
0 
0 
0 
0 
0 
0 
0 
0 
0 
0 
0 
0 
0 
0 
0 
0 
0 
0 
0 
0 
0 
0 
0 
0 
0 
0 
0 
0 
0 
0 
0 
0 
0 
0 
0 
0 
0 
0 
0 
0 
0 
0 
0 
0 
0 
0 
0 
0 
0 
0 
0 
0 
0 
0 
0 
0 
0 
0 
0 
0 
0 
0 
0 
