0 
0 
0 
0 
0 
0 
0 
0 
0 
0 
0 
0 
0 
0 
0 
0 
0 
0 
0 
0 
0 
0 
0 
0 
0 
0 
0 
0 
0 
0 
0 
0 
0 
0 
0 
0 
0 
0 
0 
0 
0 
0 
0 
0 
0 
0 
0 
0 
0 
0 
0 
0 
0 
0 
0 
0 
0 
0 
0 
0 
0 
0 
0 
0 
0 
0 
0 
0 
0 
0 
0 
0 
0 
0 
0 
0 
0 
0 
0 
0 
0 
0 
0 
0 
0 
0 
0 
0 
0 
0 
0 
0 
0 
0 
0 
0 
0 
0 
0 
0 
0 
0 
0 
0 
0 
0 
0 
0 
0 
0 
0 
0 
0 
0 
0 
0 
0 
0 
0 
0 
0 
0 
0 
0 
0 
0 
0 
0 
0 
0 
0 
0 
0 
0 
0 
0 
0 
0 
0 
0 
0 
0 
0 
0 
0 
0 
0 
0 
0 
0 
0 
0 
0 
0 
0 
0 
0 
0 
0 
0 
0 
0 
0 
0 
0 
0 
0 
0 
0 
0 
0 
0 
0 
0 
0 
0 
0 
0 
0 
0 
0 
0 
0 
0 
0 
0 
0 
0 
0 
0 
0 
0 
0 
0 
0 
0 
0 
0 
0 
0 
0 
0 
0 
0 
0 
0 
0 
0 
0 
0 
0 
0 
0 
0 
0 
0 
0 
0 
0 
0 
0 
0 
0 
0 
0 
0 
0 
0 
0 
0 
0 
0 
0 
0 
0 
0 
0 
0 
0 
0 
0 
0 
0 
0 
0 
0 
0 
0 
0 
0 
0 
0 
0 
0 
0 
2 
3 
0 
0 
0 
0 
0 
0 
0 
0 
0 
0 
0 
0 
0 
0 
0 
0 
0 
0 
0 
0 
0 
0 
0 
0 
0 
0 
0 
0 
0 
0 
0 
0 
0 
0 
0 
0 
0 
0 
0 
0 
0 
0 
0 
0 
0 
0 
0 
0 
0 
0 
0 
0 
0 
0 
0 
0 
0 
0 
0 
0 
0 
0 
0 
0 
0 
0 
0 
0 
0 
0 
0 
0 
0 
0 
0 
0 
0 
0 
0 
0 
0 
0 
0 
0 
0 
0 
0 
0 
0 
0 
0 
0 
0 
0 
0 
0 
0 
0 
0 
0 
0 
0 
0 
0 
0 
0 
0 
0 
0 
0 
0 
0 
0 
0 
0 
0 
0 
0 
0 
0 
0 
0 
0 
0 
0 
0 
0 
0 
0 
0 
0 
0 
0 
0 
0 
0 
0 
0 
0 
0 
0 
0 
0 
0 
0 
0 
0 
0 
0 
0 
0 
0 
0 
0 
0 
0 
0 
0 
0 
0 
0 
0 
0 
0 
0 
0 
0 
0 
0 
0 
0 
0 
0 
0 
0 
0 
0 
0 
0 
0 
0 
0 
0 
0 
0 
0 
0 
0 
0 
0 
0 
0 
0 
0 
0 
0 
0 
0 
0 
0 
0 
0 
0 
0 
0 
0 
0 
0 
0 
0 
0 
0 
0 
0 
0 
0 
0 
0 
0 
0 
0 
0 
0 
0 
0 
0 
0 
0 
0 
0 
0 
0 
0 
0 
0 
0 
0 
0 
0 
0 
0 
0 
0 
0 
0 
0 
0 
0 
0 
0 
0 
0 
0 
0 
-17154 
-22215 
-21276 
-31186 
-334 
16213 
-5832 
17585 
-6821 
31445 
27728 
11002 
-28581 
6460 
-15362 
19558 
-10310 
-10415 
-3462 
9604 
14509 
3848 
-7980 
17433 
-2787 
15235 
5666 
8452 
-22704 
20008 
19537 
32626 
17404 
27977 
3051 
-24705 
9007 
-7428 
-6528 
-14403 
9949 
-29708 
12036 
-12216 
7350 
-2782 
30383 
-6468 
8873 
-30811 
21045 
7264 
-3585 
28677 
-32334 
-14290 
12079 
-2052 
-29337 
21979 
-21650 
-19652 
2808 
10632 
-14459 
-8912 
27769 
-24990 
3280 
20255 
-32446 
-6138 
-11015 
-1606 
3172 
-19958 
-24849 
17783 
-22167 
3447 
11035 
13831 
11490 
-19191 
18366 
7185 
-12452 
30251 
10376 
12870 
-16940 
-32565 
30732 
29896 
10631 
-25073 
-20349 
11245 
-9555 
28316 
-3361 
-5467 
-13040 
-13579 
-32374 
30993 
24486 
-13566 
-13007 
17905 
-6087 
-17570 
-6744 
25456 
26676 
26739 
22830 
-4039 
5134 
-17397 
26564 
-30926 
-22926 
23740 
20764 
4760 
-4654 
14731 
-6981 
-23619 
-24591 
32344 
102 
18502 
7143 
2377 
-26558 
-5462 
6159 
-24600 
2547 
14851 
-18489 
10769 
-9542 
-13262 
-16441 
-25791 
-16953 
5871 
-8648 
-4712 
-30720 
-26967 
-1081 
-31385 
-1878 
17483 
-10612 
21952 
-13625 
-15453 
-14661 
1337 
2963 
-1593 
14058 
25355 
30453 
-1856 
-5355 
30062 
-17132 
11810 
-14337 
11492 
23670 
24055 
1572 
24045 
-20410 
-19549 
-31012 
-16355 
-27096 
1014 
12504 
-18954 
4424 
-16877 
-16608 
-14381 
-19561 
16733 
28104 
-30183 
27901 
23231 
-6877 
15057 
-27828 
8634 
26953 
19602 
8791 
-26849 
16970 
16281 
-29171 
-15209 
23404 
19640 
-12510 
-25951 
-28950 
-30046 
27116 
7474 
-5787 
-8999 
1703 
-2492 
-11374 
3976 
-14770 
10294 
12120 
15838 
-6907 
30131 
16640 
28488 
-4177 
-27255 
7263 
-10717 
26518 
-12149 
16506 
3662 
22360 
26015 
-18252 
3481 
-13408 
29259 
-21129 
13515 
9097 
2601 
9010 
-18489 
17418 
7227 
30475 
0 
0 
0 
0 
0 
0 
0 
0 
0 
0 
0 
0 
0 
0 
0 
0 
0 
0 
0 
0 
0 
0 
0 
0 
0 
0 
0 
0 
0 
0 
0 
0 
0 
0 
0 
0 
0 
0 
0 
0 
0 
0 
0 
0 
0 
0 
0 
0 
0 
0 
0 
0 
0 
0 
0 
0 
0 
0 
0 
0 
0 
0 
0 
0 
0 
0 
0 
0 
0 
0 
0 
0 
0 
0 
0 
0 
0 
0 
0 
0 
0 
0 
0 
0 
0 
0 
0 
0 
0 
0 
0 
0 
0 
0 
0 
0 
0 
0 
0 
0 
0 
0 
0 
0 
0 
0 
0 
0 
0 
0 
0 
0 
0 
0 
0 
0 
0 
0 
0 
0 
0 
0 
0 
0 
0 
0 
0 
0 
0 
0 
0 
0 
0 
0 
0 
0 
0 
0 
0 
0 
0 
0 
0 
0 
0 
0 
0 
0 
0 
0 
0 
0 
0 
0 
0 
0 
0 
0 
0 
0 
0 
0 
0 
0 
0 
0 
0 
0 
0 
0 
0 
0 
0 
0 
0 
0 
0 
0 
0 
0 
0 
0 
0 
0 
0 
0 
0 
0 
0 
0 
0 
0 
0 
0 
0 
0 
0 
0 
0 
0 
0 
0 
0 
0 
0 
0 
0 
0 
0 
0 
0 
0 
0 
0 
0 
0 
0 
0 
0 
0 
0 
0 
0 
0 
0 
0 
0 
0 
0 
0 
0 
0 
0 
0 
0 
0 
0 
0 
0 
0 
0 
0 
0 
0 
0 
0 
0 
0 
0 
0 
0 
0 
0 
0 
0 
