13
11
-2
5
-2
0
-5
-4
-8
-7
-7
-5
-3
0
4
8
10
12
13
11
8
3
-2
-8
-13
-18
-20
-20
-16
-11
-3
5
14
22
28
30
29
23
13
1
-11
-24
-35
-42
-44
-40
-30
-16
1
20
38
52
60
61
53
38
17
-7
-33
-57
-75
-84
-82
-70
-47
-16
18
53
84
105
115
109
89
55
12
-35
-82
-121
-147
-155
-144
-112
-64
-3
62
124
174
205
212
190
142
71
-14
-105
-189
-255
-293
-295
-258
-183
-78
48
180
300
393
443
439
375
253
82
-121
-336
-537
-694
-782
-776
-662
-431
-85
360
883
1453
2030
2575
3049
3416
3648
3727
